circle 453.0 92.0 73.0 fdbe01 ffff00
circle 293.0 216.0 51.0 000000 00b0f0
lineSegment 293.0 267.0 327.0 417.0 000000
rectangle 125.0 415.0 202.0 30.0 000000 fcd5b5
triangle 137.0 552.0 222.0 373.0 308.0 552.0 000000 00b0f0
rectangle 190.0 552.0 16.0 65.0 000000 4d7eb9
rectangle 236.0 552.0 16.0 65.0 000000 4d7eb9
circle 222.0 357.0 42.0 000000 fcd5b5
circle 208.0 346.0 4.0 000000 000000
circle 236.0 346.0 4.0 000000 000000
lineSegment 222.0 353.0 222.0 360.0 9aa5b8
lineSegment 206.0 372.0 222.0 380.0 fd4339
lineSegment 222.0 380.0 236.0 372.0 fd4339
triangle 199.0 289.0 224.0 312.0 199.0 332.0 000000 ff0000
triangle 223.0 316.0 249.0 295.0 249.0 338.0 000000 ff0000